-------------------------------------------------------------
----------------------- !PROPERTIES! ------------------------
-------------------------------------------------------------
# -----------------------------------------------------------
$ PAL_Flags
   description: The PAL Flags
   geom. index: 1
   prop. index: 1
        Diskflag:     2
# -----------------------------------------------------------
$ SCF_Energy
   description: The SCF energy
   geom. index: 1
   prop. index: 1
        SCF Energy:     -449.1142226407
# -----------------------------------------------------------
$ DFT_Energy
   description: The DFT energy
   geom. index: 1
   prop. index: 1
   Number of Alpha Electrons                 25.0000077486 
   Number of Beta  Electrons                 25.0000077486 
   Total number of  Electrons                50.0000154971 
   Exchange energy                          -35.9946471776 
   Correlation energy                        -1.9863613832 
   Correlation energy NL                      0.0000000000 
   Exchange-Correlation energy              -37.9810085608 
   Embedding correction                       0.0000000000 
   Total DFT Energy (No VdW correction)    -449.1142226407 
# -----------------------------------------------------------
$ Solvation_Details
   description: Details concerning solvation
   geom. index: 1
   prop. index: 1
     Epsilon:               24.3000000000
     Refrac:                 1.3610000000
     RSolv:                  1.3000000000
     Surface Type:                      2
     Number of Points:                998
     Surface Area:         546.1340193044
     Dielectric Energy:     -0.0018678562
# -----------------------------------------------------------
$ Mayer_Pop
   description: The Mayer population analysis
   geom. index: 1
   prop. index: 1
     Number of atoms                     : 17
     Threshold for printing              : 0.1000000
     Number of bond orders printed       : 16
  NA   - Mulliken gross atomic population
  ZA   - Total nuclear charge
  QA   - Mulliken gross atomic charge
  VA   - Mayer's total valence
  BVA  - Mayer's bonded valence
  FA   - Mayer's free valence
  ATOM       NA         ZA         QA         VA         BVA        FA
  0   0    13.4269    14.0000     0.5731     3.9945     3.9945     0.0000
  1   0     6.4469     6.0000    -0.4469     3.8600     3.8600    -0.0000
  2   0     6.4471     6.0000    -0.4471     3.8598     3.8598    -0.0000
  3   0     6.4472     6.0000    -0.4472     3.8602     3.8602     0.0000
  4   0     6.4469     6.0000    -0.4469     3.8604     3.8604     0.0000
  5   0     0.8988     1.0000     0.1012     1.0026     1.0026    -0.0000
  6   0     0.8988     1.0000     0.1012     1.0025     1.0025     0.0000
  7   0     0.8989     1.0000     0.1011     1.0025     1.0025     0.0000
  8   0     0.8987     1.0000     0.1013     1.0024     1.0024     0.0000
  9   0     0.8987     1.0000     0.1013     1.0024     1.0024    -0.0000
 10   0     0.8989     1.0000     0.1011     1.0025     1.0025     0.0000
 11   0     0.8986     1.0000     0.1014     1.0024     1.0024    -0.0000
 12   0     0.8986     1.0000     0.1014     1.0025     1.0025     0.0000
 13   0     0.8989     1.0000     0.1011     1.0025     1.0025    -0.0000
 14   0     0.8986     1.0000     0.1014     1.0024     1.0024    -0.0000
 15   0     0.8992     1.0000     0.1008     1.0025     1.0025    -0.0000
 16   0     0.8985     1.0000     0.1015     1.0024     1.0024     0.0000
      Bond orders larger than 0.1000000
           Atom A     A.N. of A          Atom B    A.N. of B              Bond order
                0            14               1            6                0.953181
                0            14               2            6                0.953221
                0            14               3            6                0.953414
                0            14               4            6                0.953741
                1             6               5            1                0.968715
                1             6               6            1                0.968680
                1             6               7            1                0.968789
                2             6               8            1                0.968613
                2             6               9            1                0.968602
                2             6              10            1                0.968651
                3             6              11            1                0.968649
                3             6              12            1                0.968643
                3             6              13            1                0.968671
                4             6              14            1                0.968634
                4             6              15            1                0.968671
                4             6              16            1                0.968531
# -----------------------------------------------------------
$ Calculation_Info
   description: Details of the calculation
   geom. index: 1
   prop. index: 1
     Multiplicity:                          1
     Charge:                                0
     number of atoms:                       17
     number of electrons:                   0
     number of frozen core electrons:       1
     number of correlated electrons:        0
     number of basis functions:             334
     number of aux C basis functions:       0
     number of aux J basis functions:       379
     number of aux JK basis functions:      0
     number of aux CABS basis functions:    0
     Total Energy                           -449.114223
# -----------------------------------------------------------
$ SCF_Electric_Properties
   description: The SCF Calculated Electric Properties
   geom. index: 1
   prop. index: 1
       Filename                          : nmr.scfp 
       Do Dipole Moment Calculation      : true 
       Do Quadrupole Moment Calculation  : false 
       Do Polarizability Calculation     : false 
** Dipole moment part of electric properties **
        Magnitude of dipole moment (Debye) :        0.0040455874
        Electronic Contribution:
                  0    
      0       0.002321
      1      -0.002922
      2      -0.005955
        Nuclear Contribution:
                  0    
      0      -0.001424
      1       0.001961
      2       0.005058
        Total Dipole moment:
                  0    
      0       0.000897
      1      -0.000961
      2      -0.000897
# -----------------------------------------------------------
$ EPRNMR_OrbitalShielding
   description: Orbital contribution to the NMR Shielding tensor (ppm)
   geom. index: 1
   prop. index: 1
 Number of stored nuclei 17
 Source density: 1 SCF 
 Nucleus: 5 H  
 Shielding tensor (ppm): 
                  0          1          2    
      0      37.103920  -0.641849  -2.006277
      1      -0.814424  28.224653   0.642691
      2      -2.493150   0.633751  29.753927
 P Tensor eigenvectors:
                   0          1          2    
      0      -0.012923  -0.284981  -0.958446
      1       0.934701  -0.343941   0.089664
      2      -0.355201  -0.894701   0.270817
 P Eigenvalues: 
                  0          1          2    
      0      27.992231  29.272766  37.817504
P(iso)  31.694167
 Nucleus: 6 H  
 Shielding tensor (ppm): 
                  0          1          2    
      0      28.657940   1.608030   0.062809
      1       1.827696  35.961484   3.119133
      2       0.250662   3.552845  30.466652
 P Tensor eigenvectors:
                   0          1          2    
      0       0.827113   0.533487   0.176848
      1      -0.359244   0.259835   0.896342
      2       0.432236  -0.804908   0.406565
 P Eigenvalues: 
                  0          1          2    
      0      27.993606  29.269105  37.823364
P(iso)  31.695359
 Nucleus: 7 H  
 Shielding tensor (ppm): 
                  0          1          2    
      0      28.730916  -1.232865   1.173243
      1      -1.277696  30.284501  -3.010189
      2       1.465050  -3.423605  36.054229
 P Tensor eigenvectors:
                   0          1          2    
      0       0.807225  -0.559333   0.188507
      1       0.581702   0.699744  -0.414706
      2       0.100052   0.444415   0.890216
 P Eigenvalues: 
                  0          1          2    
      0      27.989684  29.264036  37.815926
P(iso)  31.689882
 Nucleus: 8 H  
 Shielding tensor (ppm): 
                  0          1          2    
      0      37.080599  -1.375998   1.641632
      1      -1.702845  28.812610  -0.988448
      2       2.022790  -0.991862  29.169185
 P Tensor eigenvectors:
                   0          1          2    
      0       0.000885   0.289169  -0.957278
      1       0.767899   0.613008   0.185884
      2       0.640570  -0.735257  -0.221511
 P Eigenvalues: 
                  0          1          2    
      0      27.984814  29.264426  37.813155
P(iso)  31.687465
 Nucleus: 9 H  
 Shielding tensor (ppm): 
                  0          1          2    
      0      28.698092  -0.755478  -1.491132
      1      -0.704014  28.909498   0.443510
      2      -1.795229   0.868753  37.475740
 P Tensor eigenvectors:
                   0          1          2    
      0       0.815283  -0.548676  -0.185119
      1       0.570051   0.816659   0.090060
      2       0.101766  -0.178952   0.978581
 P Eigenvalues: 
                  0          1          2    
      0      27.982855  29.259695  37.840780
P(iso)  31.694443
 Nucleus: 10 H  
 Shielding tensor (ppm): 
                  0          1          2    
      0      28.692774   1.587988   0.486137
      1       1.866365  37.428112  -0.603876
      2       0.392019  -1.017594  28.955876
 P Tensor eigenvectors:
                   0          1          2    
      0      -0.819733   0.542466  -0.183763
      1       0.196298  -0.035318  -0.979908
      2       0.538057   0.839335   0.077533
 P Eigenvalues: 
                  0          1          2    
      0      27.991114  29.270740  37.814908
P(iso)  31.692254
 Nucleus: 11 H  
 Shielding tensor (ppm): 
                  0          1          2    
      0      37.101035   2.118395   0.214010
      1       2.625945  29.932105   0.330965
      2       0.314737   0.344143  28.047221
 P Tensor eigenvectors:
                   0          1          2    
      0       0.023111  -0.286566  -0.957782
      1      -0.198064   0.937735  -0.285348
      2       0.979917   0.196297  -0.035087
 P Eigenvalues: 
                  0          1          2    
      0      27.985228  29.267803  37.827330
P(iso)  31.693454
 Nucleus: 12 H  
 Shielding tensor (ppm): 
                  0          1          2    
      0      28.786358  -0.989671   1.461041
      1      -1.280085  34.779099  -4.199491
      2       1.557388  -3.790676  31.516308
 P Tensor eigenvectors:
                   0          1          2    
      0       0.795453   0.573177   0.196782
      1      -0.203143   0.558124  -0.804507
      2      -0.570953   0.599972   0.560398
 P Eigenvalues: 
                  0          1          2    
      0      27.992753  29.272128  37.816885
P(iso)  31.693922
 Nucleus: 13 H  
 Shielding tensor (ppm): 
                  0          1          2    
      0      28.614512  -0.312667  -1.526477
      1      -0.529400  31.752066   4.282715
      2      -1.714763   3.858973  34.695250
 P Tensor eigenvectors:
                   0          1          2    
      0      -0.833714   0.525164  -0.170660
      1       0.359417   0.750714   0.554299
      2      -0.419214  -0.400789   0.814634
 P Eigenvalues: 
                  0          1          2    
      0      27.981222  29.260086  37.820519
P(iso)  31.687276
 Nucleus: 14 H  
 Shielding tensor (ppm): 
                  0          1          2    
      0      32.288330   4.268453   0.813174
      1       3.767435  34.551539   1.280568
      2       0.713884   1.271944  28.232303
 P Tensor eigenvectors:
                   0          1          2    
      0       0.009194  -0.806408  -0.591288
      1      -0.196197   0.578365  -0.791834
      2       0.980521   0.123289  -0.152898
 P Eigenvalues: 
                  0          1          2    
      0      27.984124  29.265999  37.822049
P(iso)  31.690724
 Nucleus: 15 H  
 Shielding tensor (ppm): 
                  0          1          2    
      0      32.286137  -1.439064  -4.099176
      1      -1.275041  28.711449   2.092965
      2      -3.618322   2.098793  34.067127
 P Tensor eigenvectors:
                   0          1          2    
      0       0.013638  -0.806072  -0.591660
      1       0.947897  -0.177929   0.264258
      2      -0.318285  -0.564437   0.761647
 P Eigenvalues: 
                  0          1          2    
      0      27.988427  29.260798  37.815488
P(iso)  31.688238
 Nucleus: 16 H  
 Shielding tensor (ppm): 
                  0          1          2    
      0      32.259943  -2.830850   3.289327
      1      -2.487113  30.932086  -3.389898
      2       2.903342  -3.388739  31.886623
 P Tensor eigenvectors:
                   0          1          2    
      0       0.013046  -0.808561   0.588268
      1      -0.749642  -0.397241  -0.529374
      2      -0.661715   0.434084   0.611314
 P Eigenvalues: 
                  0          1          2    
      0      27.986283  29.267324  37.825045
P(iso)  31.692884
 Nucleus: 1 C  
 Shielding tensor (ppm): 
                  0          1          2    
      0     183.256580  -0.857786  -2.626352
      1      -0.821032 183.110127   2.611484
      2      -2.631098   2.625107 189.070093
 P Tensor eigenvectors:
                   0          1          2    
      0      -0.469549   0.817263  -0.334072
      1       0.755239   0.567777   0.327480
      2      -0.457316   0.098537   0.883828
 P Eigenvalues: 
                  0          1          2    
      0     182.046643 182.356389 191.033767
P(iso)  185.145600
 Nucleus: 2 C  
 Shielding tensor (ppm): 
                  0          1          2    
      0     183.040073  -1.811610   2.101465
      1      -1.816072 185.462625  -3.826065
      2       2.036478  -3.746446 187.016800
 P Tensor eigenvectors:
                   0          1          2    
      0       0.905683  -0.272591   0.324703
      1       0.420076   0.680360  -0.600538
      2      -0.057214   0.680298   0.730699
 P Eigenvalues: 
                  0          1          2    
      0     182.067991 182.402418 191.049090
P(iso)  185.173166
 Nucleus: 3 C  
 Shielding tensor (ppm): 
                  0          1          2    
      0     183.295460   2.702594   0.571681
      1       2.751093 189.816783   1.343511
      2       0.553844   1.345849 182.383801
 P Tensor eigenvectors:
                   0          1          2    
      0       0.372599   0.864315   0.337832
      1       0.029997  -0.375073   0.926510
      2      -0.927508   0.335082   0.165678
 P Eigenvalues: 
                  0          1          2    
      0     182.114217 182.330506 191.051321
P(iso)  185.165348
 Nucleus: 4 C  
 Shielding tensor (ppm): 
                  0          1          2    
      0     191.042711   0.000793   0.085950
      1       0.006161 182.233790  -0.187149
      2       0.020718  -0.119578 182.187455
 P Tensor eigenvectors:
                   0          1          2    
      0      -0.004814   0.003765  -0.999981
      1       0.651856   0.758342  -0.000283
      2       0.758327  -0.651846  -0.006105
 P Eigenvalues: 
                  0          1          2    
      0     182.055316 182.365607 191.043033
P(iso)  185.154652
 Nucleus: 0 Si 
 Shielding tensor (ppm): 
                  0          1          2    
      0     315.645374   0.267867   0.113938
      1       0.055058 315.514779   0.059884
      2       0.310358  -0.174836 315.613368
 P Tensor eigenvectors:
                   0          1          2    
      0      -0.605178  -0.219668  -0.765183
      1       0.600034  -0.757539  -0.257089
      2       0.523182   0.614720  -0.590254
 P Eigenvalues: 
                  0          1          2    
      0     315.301905 315.608308 315.863308
P(iso)  315.591174
# -------------------------------------------------------------
----------------------- !GEOMETRIES! ------------------------
# -------------------------------------------------------------
------------------------ !GEOMETRY! -------------------------
    Number of atoms:    17 
    Geometry Index:     1 
    Coordinates:
               0 Si     1.067252886971    0.066974836606    0.030500970734
               1 C      0.438119535021    0.674020664656    1.695734184949
               2 C      0.441970881333    1.208989931743   -1.326750896665
               3 C      0.439900368112   -1.679243537517   -0.276826848372
               4 C      2.948139055701    0.065200151927    0.032592242680
               5 H     -0.653542713391    0.675465513952    1.728068553716
               6 H      0.777350995240    1.691974633921    1.899167722677
               7 H      0.792835908534    0.037357361910    2.509096940835
               8 H     -0.649582964768    1.231282469513   -1.353732914142
               9 H      0.791411105207    0.884371057749   -2.309250434571
              10 H      0.790348701104    2.232596613890   -1.172726348316
              11 H     -0.651583077206   -1.715307767126   -0.263553069683
              12 H      0.803459536285   -2.369524362531    0.487387266801
              13 H      0.772323266774   -2.054233955608   -1.247246266076
              14 H      3.344390862492    1.064463455151    0.225651533819
              15 H      3.344847860023   -0.268863789314   -0.928565122143
              16 H      3.341357792567   -0.601453278922    0.803122483757
